1552.0 205
1443.3 46
1096.5 794
1571.7 325
1368.0 500
1594.0 215
1590.5 383
1702.3 54
1432.6 630
1627.0 413
1642.1 481
1805.3 42
1432.1 242
1459.1 164
1691.8 462
1651.2 560
1455.5 4
1304.9 622
1563.3 239
1326.0 40
1491.6 330
1390.7 789
1527.8 450
1479.0 40
1668.4 252
1277.2 445
1594.8 60
1624.9 58
1623.2 36
1673.5 49
1498.6 84
1358.5 120
1688.9 363
1412.9 290
1518.8 412
1483.6 80
1514.6 21
1615.3 45
1693.5 15
1461.3 62
1503.5 875
1661.5 5
1639.5 373
1426.5 1
1472.3 9
1474.2 607
1514.3 88
1482.9 5
1480.2 7
1353.1 1142
1633.3 549
1492.1 310
1596.3 340
1420.6 77
1391.5 68
1470.6 39
1660.4 396
1532.6 418
1337.9 566
1679.0 69
1635.8 5
1685.8 133
1633.6 480
1540.9 696
1626.0 97
1697.0 677
1581.4 227
1358.8 192
1641.9 692
1504.1 37
1473.4 37
1317.5 123
1504.0 146
1393.4 460
1495.7 85
1547.4 12
1512.0 0
1367.1 144
1671.8 705
1410.4 600
1659.9 443.6
1585.4 18
1588.3 316
1554.8 408
1548.5 270
1668.2 234
1453.7 150
1641.2 1486
1515.6 1213
1482.9 45
1586.1 112
1515.3 125
1689.1 48
1731.1 481
1241.5 2
1721.4 797
1615.4 928
1521.5 523
1691.0 394
1247.5 8
1368.0 255
1517.1 47
1668.2 719
1587.0 118
1618.7 35
1601.9 311
1534.1 90
1504.2 186
1564.3 2
1649.1 238
1421.8 173
1610.7 58
1595.8 27
1739.0 6
1606.6 40
1435.4 42
1676.8 1436
1704.0 55
1291.4 300
1328.9 567
1403.7 93
1557.0 11
1486.8 22
1454.0 18
1501.4 59
1358.8 269
1510.3 404
1550.9 111
1355.6 500
1394.7 496
1682.8 4
1372.6 140
1540.0 2
1471.1 77
1313.3 350
1428.9 530
1385.4 272
1603.7 1053
1601.7 883
1765.3 1008
1541.8 567
1254.0 242
1820.3 977
1573.8 17
1273.2 128
1335.1 440
1583.8 1125
1734.6 438
1499.0 3
1505.1 37
1667.4 712
1427.2 155
1506.3 7
1464.7 91
1672.8 75
1353.5 839
1403.2 270
1527.8 505
1520.4 487
1505.8 374
1691.4 112
1448.3 231
1583.3 585
1755.0 705
1626.5 27
1635.0 4
1452.0 282
1461.3 805
1445.0 46
1857.5 973
1504.2 92
1628.6 754
1620.0 417
1683.9 850
1640.2 443
1362.8 776
1512.3 102
1562.0 520
1703.5 436
1627.6 747
1543.0 5
1346.3 119
1337.4 300
1574.8 344.5
1549.9 7
1625.4 9
1659.9 365
1528.9 356
1465.8 138
1502.4 141
1700.4 758
1612.7 818
1426.8 44
1375.8 284
1428.1 185
1664.8 98
1590.9 341
1460.2 22
1445.8 157
1446.3 92
1714.0 26
1355.7 22
1448.2 161
1619.2 5
1610.6 17
1497.1 444
1426.4 58
1495.6 11
1608.5 76
1473.0 419
1673.2 96
1422.6 186
1466.3 547
1487.7 450
1529.4 77
1555.2 313
1530.7 621
1482.9 42
1639.7 405
1563.9 273
1636.7 63
1707.1 515
1709.1 528
1681.2 515
1528.2 62
1647.9 81
1370.0 111
1323.0 500
1492.1 26
1583.3 38
1639.2 125
1669.6 64
1384.0 26
1336.4 425
1628.0 11
1540.9 627
1697.8 314
1459.9 280
1493.8 490
1596.2 806
1701.6 276
1634.0 110
1612.4 150
1433.4 95
1682.5 409
1365.3 435
1689.4 246
1424.4 386
1571.1 24
1692.2 81
1715.3 40
1432.3 123
1673.0 1640
1459.4 109
1646.0 366
1489.5 470
1720.9 690
1536.2 131
1716.0 287
1568.7 116
1588.8 444
1686.5 4
1462.1 87
1549.5 747
1682.0 588
1158.7 692
1660.8 320
1393.8 193
1449.0 333
1450.9 135
1524.0 795
1485.6 5
1592.3 155
1323.7 155
1377.2 609
1598.3 43
1493.3 170
1724.8 993
1351.5 937
1492.4 635
1375.0 616
1313.4 265
1485.4 504
1645.6 365
1432.8 444
1600.9 792
1595.6 59
1529.6 21
1312.0 186
1354.0 611
1575.0 360
1524.6 77
1382.3 365
1306.0 147
1578.9 87
1765.6 734
1621.2 350
1691.7 286
1692.2 311
1684.7 401
1493.6 837
1607.2 46
1515.0 61
1626.6 396
1656.6 870
1435.2 846
1420.0 781
1693.3 640
1639.4 80
1619.7 9
1303.0 700
1264.5 144
1572.6 265
1697.1 490
1486.6 50
1698.9 571
1611.5 471
1561.2 291
1600.8 240
1373.0 51
1739.3 223
1262.0 176
1512.6 380
1508.9 940
1607.9 70
1552.2 921
1574.4 438
1679.5 470
1379.0 146
1602.8 553
1666.0 440
1638.7 219
1679.5 422
1675.6 1832
1463.1 140
1740.7 3
1485.5 142
1701.8 740
1365.8 580
1341.3 681
1630.3 105
1422.1 133
1611.5 464
1422.0 291
1596.2 1
1565.4 268
1411.4 877
1846.3 2960
1623.4 615
